Assignment Solution: 
Meeting 1is at time 15
Meeting 2is at time 9
Meeting 3is at time 13
Meeting 4is at time 9
Meeting 5is at time 3
Meeting 6is at time 8
Meeting 7is at time 18
Meeting 8is at time 2
Meeting 9is at time 10
Meeting 10is at time 19
Meeting 11is at time 18
Meeting 12is at time 15
Meeting 13is at time 6
Meeting 14is at time 19
Meeting 15is at time 6
Meeting 17is at time 19
Meeting 16is at time 9
Meeting 19is at time 7
Meeting 18is at time 6
Meeting 21is at time 14
Meeting 20is at time 3
Meeting 23is at time 8
Meeting 22is at time 6
Meeting 25is at time 17
Meeting 24is at time 19
Meeting 27is at time 8
Meeting 26is at time 3
Meeting 29is at time 7
Meeting 28is at time 12
Meeting 31is at time 5
Meeting 30is at time 16
Meeting 34is at time 10
Meeting 35is at time 20
Meeting 32is at time 13
Meeting 33is at time 6
Meeting 38is at time 14
Meeting 39is at time 7
Meeting 36is at time 8
Meeting 37is at time 15
Meeting 40is at time 18
TESTING: Assignment is Valid
Number of meetings: 40
Number of employees: 50
Number of time slots: 20

Meetings each employee must attend:
1: 10 6 26 28 18 30
2: 35 37 28 26 22 2
3: 34 36 28 15 24 30
4: 35 38 2 28 18 40 5
5: 38 40 28 16 5 30 35 19
6: 25 22 26 21 23 14
7: 16 11 38 15 26 35
8: 33 26 6 25 35 21
9: 2 25 35 5 29 37
10: 12 34 33 35 27 5
11: 25 6 33 9 20 3 17
12: 15 9 10 1 32 36 20
13: 39 14 4 28 30 26
14: 12 27 3 13 20 35 40
15: 9 33 35 5 37 11 23
17: 8 12 35 33 4 25 32
16: 19 4 25 26 14 1 32
19: 4 18 17 25 37
18: 30 7 27 32 15 26
21: 30 32 2 18 17
20: 33 34 40 38 6 26
23: 37 32 27 24 18 5 34
22: 6 33 11 34 37 5 32 35
25: 3 8 11 29 2
24: 24 13 32 26 2 37
27: 11 30 15 8 4 28
26: 8 35 4 32 33 1 25
29: 36 5 13 21 7 9
28: 31 17 37 8 2 19
31: 27 32 37 25 34 8 31
30: 1 4 19 10 8 3 31
34: 23 33 37 40 3
35: 17 21 23 26 13
32: 10 32 5 4 13 30
33: 34 28 31 10 21 8 29
38: 20 32 22 40 27 30
39: 40 16 31 38 19 26 35
36: 28 34 35 40 26 38 13 36
37: 39 11 28 16 31 1
42: 22 28 10 2 25 8
43: 28 15 7 21 26 23
40: 31 34 30 21 40 29
41: 5 25 1 39 16 17 3
46: 36 8 13 10 32 12
47: 36 35 31 7 1 20
44: 11 23 8 12 9 18
45: 17 33 30 16 20
50: 23 38 26 33 11
49: 24 15 9 8 37 32 25
48: 31 12 40 9 20 3 19 35
Travel time between meetings: 
    1 2 3 4 5 6 7 8 9 10 11 12 13 14 15 16 17 18 19 20 21 22 23 24 25 26 27 28 29 30 31 32 33 34 35 36 37 38 39 40 
1:   0 9 1 4 10 9 2 5 6 3 2 10 6 2 4 10 7 2 8 10 1 10 1 3 1 7 8 2 10 1 10 1 6 3 5 6 6 4 1 9 
2:   9 0 3 10 3 9 4 4 4 8 1 3 2 2 10 1 5 2 1 2 6 2 2 7 4 6 4 2 1 1 9 3 5 2 6 7 5 10 1 7 
3:   1 3 0 3 7 7 6 2 2 8 4 1 8 8 9 3 10 4 10 6 6 1 4 1 3 2 4 9 1 2 10 2 10 7 10 4 1 7 5 9 
4:   4 10 3 0 5 3 3 3 2 1 5 7 2 2 2 8 3 2 1 10 4 7 3 4 1 1 4 2 9 10 5 3 2 10 10 8 5 10 1 10 
5:   10 3 7 5 0 4 1 1 1 4 2 10 2 10 3 7 1 2 3 10 1 8 2 1 7 1 5 3 3 9 1 10 2 6 6 10 5 7 3 10 
6:   9 9 7 3 4 0 10 2 1 2 5 7 1 10 6 10 10 1 6 8 5 9 2 9 3 10 7 3 10 10 2 5 1 1 10 9 10 6 2 7 
7:   2 4 6 3 1 10 0 1 7 4 6 9 9 6 2 1 7 10 9 2 3 10 9 1 10 1 1 3 1 1 10 4 4 2 1 10 2 9 1 1 
8:   5 4 2 3 1 2 1 0 10 10 10 10 3 8 3 1 8 3 4 7 5 3 8 10 8 9 4 7 4 10 2 3 3 6 6 2 4 8 8 8 
9:   6 4 2 2 1 1 7 10 0 6 5 4 5 1 3 3 9 2 2 2 3 7 1 3 8 2 8 4 1 5 7 2 1 4 4 1 4 10 5 5 
10:   3 8 8 1 4 2 4 10 6 0 3 3 1 8 1 4 2 7 2 9 4 10 10 7 1 1 1 2 5 2 7 3 7 2 3 4 5 8 9 9 
11:   2 1 4 5 2 5 6 10 5 3 0 2 4 10 1 2 10 5 9 4 5 8 6 2 1 8 8 4 9 1 5 9 7 4 1 8 2 3 8 7 
12:   10 3 1 7 10 7 9 10 4 3 2 0 10 2 1 10 6 8 1 2 10 3 4 7 1 5 10 7 6 8 4 1 4 4 4 10 9 7 9 2 
13:   6 2 8 2 2 1 9 3 5 1 4 10 0 5 7 3 2 7 5 2 7 5 1 5 6 2 1 7 7 4 10 3 8 4 9 1 10 4 1 8 
14:   2 2 8 2 10 10 6 8 1 8 10 2 5 0 3 4 1 3 6 3 5 2 8 10 1 8 5 7 10 2 7 8 10 9 10 4 7 8 6 8 
15:   4 10 9 2 3 6 2 3 3 1 1 1 7 3 0 2 4 8 4 2 3 2 1 2 4 2 1 10 4 9 9 7 4 10 9 1 4 3 10 4 
16:   10 1 3 8 7 10 1 1 3 4 2 10 3 4 2 0 9 2 1 3 4 2 1 1 5 7 1 2 6 6 7 5 2 7 8 1 10 4 1 4 
17:   7 5 10 3 1 10 7 8 9 2 10 6 2 1 4 9 0 3 4 7 4 10 10 10 1 6 8 2 2 2 9 6 2 3 10 2 3 10 8 5 
18:   2 2 4 2 2 1 10 3 2 7 5 8 7 3 8 2 3 0 9 2 10 3 1 10 3 2 1 4 4 3 8 6 10 3 5 1 2 4 5 6 
19:   8 1 10 1 3 6 9 4 2 2 9 1 5 6 4 1 4 9 0 10 9 1 3 2 4 3 4 3 1 5 1 3 5 8 9 8 5 10 10 3 
20:   10 2 6 10 10 8 2 7 2 9 4 2 2 3 2 3 7 2 10 0 8 2 4 1 2 2 4 6 3 9 1 7 2 10 4 1 7 6 9 2 
21:   1 6 6 4 1 5 3 5 3 4 5 10 7 5 3 4 4 10 9 8 0 1 5 9 2 2 1 1 4 1 3 6 4 3 8 3 1 2 6 8 
22:   10 2 1 7 8 9 10 3 7 10 8 3 5 2 2 2 10 3 1 2 1 0 1 3 5 2 1 5 9 4 7 2 6 8 9 4 4 2 1 8 
23:   1 2 4 3 2 2 9 8 1 10 6 4 1 8 1 1 10 1 3 4 5 1 0 10 2 4 9 3 9 4 1 7 1 5 5 6 10 5 1 9 
24:   3 7 1 4 1 9 1 10 3 7 2 7 5 10 2 1 10 10 2 1 9 3 10 0 1 5 6 6 7 2 9 1 10 9 5 2 3 1 2 4 
25:   1 4 3 1 7 3 10 8 8 1 1 1 6 1 4 5 1 3 4 2 2 5 2 1 0 6 8 4 9 1 1 2 10 2 2 6 1 7 4 4 
26:   7 6 2 1 1 10 1 9 2 1 8 5 2 8 2 7 6 2 3 2 2 2 4 5 6 0 7 7 6 3 1 1 2 1 9 9 5 8 3 6 
27:   8 4 4 4 5 7 1 4 8 1 8 10 1 5 1 1 8 1 4 4 1 1 9 6 8 7 0 5 6 3 2 4 1 1 6 3 10 8 8 2 
28:   2 2 9 2 3 3 3 7 4 2 4 7 7 7 10 2 2 4 3 6 1 5 3 6 4 7 5 0 1 3 10 6 10 1 2 8 2 1 9 4 
29:   10 1 1 9 3 10 1 4 1 5 9 6 7 10 4 6 2 4 1 3 4 9 9 7 9 6 6 1 0 9 1 8 3 2 6 2 2 9 5 10 
30:   1 1 2 10 9 10 1 10 5 2 1 8 4 2 9 6 2 3 5 9 1 4 4 2 1 3 3 3 9 0 4 2 1 2 10 6 10 1 8 1 
31:   10 9 10 5 1 2 10 2 7 7 5 4 10 7 9 7 9 8 1 1 3 7 1 9 1 1 2 10 1 4 0 7 2 5 8 2 4 8 1 5 
32:   1 3 2 3 10 5 4 3 2 3 9 1 3 8 7 5 6 6 3 7 6 2 7 1 2 1 4 6 8 2 7 0 7 2 6 4 1 3 5 5 
33:   6 5 10 2 2 1 4 3 1 7 7 4 8 10 4 2 2 10 5 2 4 6 1 10 10 2 1 10 3 1 2 7 0 8 6 8 7 5 8 7 
34:   3 2 7 10 6 1 2 6 4 2 4 4 4 9 10 7 3 3 8 10 3 8 5 9 2 1 1 1 2 2 5 2 8 0 1 1 9 3 6 2 
35:   5 6 10 10 6 10 1 6 4 3 1 4 9 10 9 8 10 5 9 4 8 9 5 5 2 9 6 2 6 10 8 6 6 1 0 6 4 9 1 1 
36:   6 7 4 8 10 9 10 2 1 4 8 10 1 4 1 1 2 1 8 1 3 4 6 2 6 9 3 8 2 6 2 4 8 1 6 0 3 6 8 4 
37:   6 5 1 5 5 10 2 4 4 5 2 9 10 7 4 10 3 2 5 7 1 4 10 3 1 5 10 2 2 10 4 1 7 9 4 3 0 9 8 2 
38:   4 10 7 10 7 6 9 8 10 8 3 7 4 8 3 4 10 4 10 6 2 2 5 1 7 8 8 1 9 1 8 3 5 3 9 6 9 0 5 3 
39:   1 1 5 1 3 2 1 8 5 9 8 9 1 6 10 1 8 5 10 9 6 1 1 2 4 3 8 9 5 8 1 5 8 6 1 8 8 5 0 4 
40:   9 7 9 10 10 7 1 8 5 9 7 2 8 8 4 4 5 6 3 2 8 8 9 4 4 6 2 4 10 1 5 5 7 2 1 4 2 3 4 0 